# Blender 4.0.2
# www.blender.org
o Cube.006
v 0.752593 3.148197 0.087854
v -0.290944 2.788944 -0.297655
v 0.765178 4.007613 -0.248186
v 0.015271 3.821298 -0.752768
v 1.290327 2.868254 -0.607956
v 0.540420 2.681939 -1.112538
v 0.553005 3.541355 -1.448577
v 0.368226 2.445782 -1.150600
v 0.383653 3.499280 -1.562527
v 0.643741 4.070832 -0.091051
v -0.275517 3.842442 -0.709582
v 1.287485 2.674172 -0.532068
v 0.628315 3.017334 0.320876
v 2.360750 4.606056 -2.181654
v 3.110657 4.792371 -1.677073
v 2.572923 5.072313 -0.981263
v 3.098072 3.932955 -1.341033
v 2.348166 3.746640 -1.845615
v 1.823017 4.885998 -1.485844
v 2.560338 4.212897 -0.645224
v 0.738918 1.734799 -0.206190
v 0.873103 0.101258 -1.167390
v 0.673946 1.213743 1.198875
v 0.497291 -0.180173 0.673786
v -0.749202 1.923020 -0.205202
v -0.925858 0.529103 -0.730291
v -0.990829 0.008048 0.674774
v -0.951079 0.331985 -1.166179
v -1.030723 -0.306740 0.556193
v 1.010009 1.171237 1.198652
v 0.793459 -0.537468 0.554982
v -0.734530 2.040690 -0.522508
v 1.089653 1.809963 -0.523719
v -2.904533 1.483306 3.359706
v -2.727878 2.877223 3.884795
v -1.239758 2.689001 3.883807
v -2.662907 3.398278 2.479729
v -2.839562 2.004361 1.954640
v -1.416413 1.295084 3.358717
v -1.174786 3.210056 2.478741
v -0.119364 1.676897 -0.993017
v -1.268892 -0.009716 -0.668308
v 1.369916 1.072149 -0.713247
v 0.703758 -0.294602 -0.121493
v -0.134389 2.331281 0.501473
v -0.800547 0.964531 1.093228
v 0.688733 0.359783 1.372998
v -1.287310 0.792448 1.163683
v 0.538294 0.051129 1.506634
v 1.373309 0.924369 -1.050748
v 0.556712 -0.751035 -0.325358
v -0.470713 2.467852 0.438292
v -0.452296 1.665688 -1.393699
v 3.664618 2.329030 3.017074
v 4.330776 3.695780 2.425319
v 4.345800 3.041396 0.930829
v 2.841496 4.300529 2.145549
v 2.175338 2.933779 2.737304
v 3.679643 1.674646 1.522584
v 2.856521 3.646145 0.651059
v 1.506047 0.946611 -0.107292
v -0.200505 -0.991378 0.345432
v 0.910187 2.307110 1.333957
v -0.781873 1.174254 1.703787
v 0.474017 2.018473 -1.545774
v -1.218044 0.885617 -1.175944
v -1.813904 2.246116 0.265305
v -1.465599 0.322543 -1.417903
v -2.196022 1.990283 0.348824
v 1.143251 2.065051 1.658810
v -0.930928 0.676363 2.112159
v 0.608580 1.711231 -1.871252
v 1.873674 0.397311 -0.107917
v -1.724686 7.202950 -0.245034
v -0.032625 8.335805 -0.614864
v 0.999405 7.263944 0.823619
v 0.563235 6.975307 -2.056113
v -1.128826 5.842451 -1.686284
v -0.692656 6.131087 1.193448
v 1.595265 5.903445 -0.617631
v -0.025710 2.277371 -0.308533
v -0.055824 0.599115 0.581927
v -1.440063 2.342739 -0.803772
v -1.640931 0.906761 -0.419651
v 0.431660 1.848858 -1.671295
v 0.230791 0.412880 -1.287174
v -1.183562 0.478247 -1.782412
v 0.504833 0.073830 -1.088588
v -1.228924 0.153960 -1.695666
v -1.543351 2.439511 -0.496019
v -1.789581 0.679246 -0.025152
v 0.751063 1.834095 -1.559455
v 0.190406 2.359380 0.111060
v -2.234814 1.969841 -4.899707
v -2.033946 3.405818 -5.283827
v -2.491315 3.834332 -3.921065
v -0.619592 3.340450 -4.788589
v -0.820461 1.904473 -4.404468
v -2.692183 2.398355 -3.536944
v -1.076962 3.768965 -3.425827
v -0.289288 2.731996 -2.988006
v -1.009915 2.586514 -3.220559
v -0.263488 3.332548 -3.083847
v -0.790783 3.306844 -3.386855
v 0.013712 2.636129 -3.507155
v -0.513583 2.610425 -3.810163
v -0.487783 3.210978 -3.906004
v -0.638489 2.468997 -3.856947
v -0.606862 3.205173 -3.974432
v -0.331914 3.354198 -2.966608
v -0.978289 3.322690 -3.338044
v 0.007886 2.500506 -3.485511
v -0.363540 2.618022 -2.849123
v 0.702473 3.948395 -4.339763
v 1.229769 3.974098 -4.036755
v 0.926769 4.069966 -3.517606
v 1.203969 3.373546 -3.940914
v 0.676673 3.347842 -4.243921
v 0.399473 4.044261 -3.820613
v 0.900969 3.469414 -3.421765
v -0.170454 2.924480 -3.098281
v -0.730878 2.398252 -3.038631
v -0.406911 3.373422 -2.762044
v -0.939861 3.079851 -2.744864
v -0.345289 3.212200 -3.605395
v -0.878239 2.918629 -3.588215
v -1.114696 3.367570 -3.251979
v -0.945196 2.750947 -3.660267
v -1.235052 3.301273 -3.248099
v -0.367428 3.308446 -2.647523
v -1.020734 2.948578 -2.626463
v -0.291890 3.110815 -3.681327
v -0.077572 2.758120 -3.059691
v -0.945550 4.799935 -3.513443
v -0.412600 5.093506 -3.530622
v -0.237765 4.805786 -3.023508
v -0.176143 4.644564 -3.866859
v -0.709094 4.350994 -3.849679
v -0.770715 4.512215 -3.006328
v -0.001308 4.356844 -3.359744
vn -0.1626 -0.3573 -0.9198
vn 0.4024 -0.8730 -0.2757
vn -0.5649 0.5157 -0.6441
vn -0.8126 -0.2019 -0.5468
vn -0.5827 0.3033 0.7540
vn -0.0136 -0.9312 0.3641
vn 0.5827 -0.3033 -0.7540
vn 0.0136 0.9312 -0.3641
vn 0.8126 0.2019 0.5468
vn 0.5649 -0.5157 0.6441
vn 0.1626 0.3573 0.9198
vn -0.4024 0.8730 0.2757
vn -0.7848 -0.5684 -0.2471
vn -0.6709 0.3344 -0.6619
vn -0.1139 -0.9027 0.4148
vn -0.1178 -0.9293 -0.3501
vn 0.9921 -0.1255 -0.0007
vn 0.0433 0.3474 -0.9367
vn -0.9921 0.1255 0.0007
vn -0.0433 -0.3474 0.9367
vn 0.1178 0.9293 0.3501
vn 0.1139 0.9027 -0.4148
vn 0.7848 0.5684 0.2471
vn 0.6709 -0.3344 0.6619
vn -0.2952 -0.3087 0.9042
vn -0.6520 0.5457 0.5265
vn 0.3567 -0.8544 0.3777
vn -0.4083 -0.8377 0.3627
vn 0.0092 -0.4011 -0.9160
vn -0.9128 0.3707 -0.1715
vn -0.0092 0.4011 0.9160
vn 0.9128 -0.3707 0.1715
vn 0.4083 0.8377 -0.3627
vn -0.3567 0.8544 -0.3777
vn 0.2952 0.3087 -0.9042
vn 0.6520 -0.5457 -0.5265
vn -0.9307 -0.0208 -0.3651
vn -0.1490 -0.0986 -0.9839
vn -0.7817 0.0778 0.6188
vn -0.8176 -0.5474 0.1787
vn 0.4987 -0.5179 0.6951
vn 0.2879 -0.6574 -0.6964
vn -0.4987 0.5179 -0.6951
vn -0.2879 0.6574 0.6964
vn 0.8176 0.5474 -0.1787
vn 0.7817 -0.0778 -0.6188
vn 0.9307 0.0208 0.3651
vn 0.1490 0.0986 0.9839
vn 0.1209 -0.8789 -0.4613
vn 0.8824 -0.2328 -0.4090
vn -0.7614 -0.6461 -0.0524
vn -0.1339 -0.9573 0.2561
vn -0.3049 0.2857 0.9085
vn 0.9429 -0.0436 0.3302
vn 0.3049 -0.2857 -0.9085
vn -0.9429 0.0436 -0.3302
vn 0.1339 0.9573 -0.2561
vn 0.7614 0.6461 0.0524
vn -0.1209 0.8789 0.4613
vn -0.8824 0.2328 0.4090
vn -0.2606 -0.1412 -0.9551
vn 0.3220 -0.8090 -0.4917
vn -0.5826 0.6678 -0.4633
vn -0.8663 -0.0422 -0.4978
vn -0.4978 0.1575 0.8529
vn -0.0424 -0.9866 0.1575
vn 0.4978 -0.1575 -0.8529
vn 0.0424 0.9866 -0.1575
vn 0.8663 0.0422 0.4978
vn 0.0424 0.9866 -0.1574
vn 0.5826 -0.6678 0.4633
vn 0.2606 0.1412 0.9551
vn -0.3220 0.8090 0.4917
vn -0.8222 -0.0068 -0.5691
vn 0.0716 -0.1873 -0.9797
vn -0.8938 0.1805 0.4106
vn -0.8756 -0.4823 0.0282
vn 0.2872 -0.4727 0.8331
vn 0.3885 -0.7375 -0.5524
vn -0.2872 0.4727 -0.8331
vn -0.3885 0.7375 0.5524
vn 0.8756 0.4823 -0.0282
vn 0.8938 -0.1805 -0.4106
vn 0.8222 0.0068 0.5691
vn -0.0716 0.1873 0.9797
vt 0.421057 0.000000
vt 0.421057 0.203943
vt 0.625000 0.203943
vt 0.421057 1.000000
vt 0.421057 0.796057
vt 0.375000 0.500000
vt 0.125000 0.750000
vt 0.125000 0.500000
vt 0.625000 0.500000
vt 0.375000 0.750000
vt 0.625000 0.250000
vt 0.375000 0.250000
vt 0.375000 0.000000
vt 0.625000 0.750000
vt 0.671057 0.750000
vt 0.671057 0.546057
vt 0.375000 1.000000
vt 0.875000 0.500000
vt 0.875000 0.546057
vt 0.625000 0.000000
vt 0.875000 0.750000
vt 0.625000 1.000000
s 0
f 7/1/1 18/2/1 6/2/1
f 5/3/2 18/2/2 17/3/2
f 7/4/3 19/5/3 14/4/3
f 2/6/4 9/7/4 8/8/4
f 13/9/5 11/10/5 2/6/5
f 12/11/6 2/6/6 8/12/6
f 6/2/7 9/13/7 7/1/7
f 4/5/8 10/14/8 3/15/8
f 6/2/7 12/11/7 8/12/7
f 1/16/9 10/14/9 13/9/9
f 4/5/8 9/17/8 11/10/8
f 1/16/9 12/18/9 5/19/9
f 17/19/9 16/15/9 20/16/9
f 16/15/8 14/4/8 19/5/8
f 15/20/7 18/2/7 14/1/7
f 5/19/10 20/16/10 1/16/10
f 3/15/11 20/16/11 16/15/11
f 3/15/12 19/5/12 4/5/12
f 27/1/13 38/2/13 26/2/13
f 25/3/14 38/2/14 37/3/14
f 27/4/15 39/5/15 34/4/15
f 28/8/16 31/10/16 29/7/16
f 22/6/17 30/14/17 31/10/17
f 32/11/18 22/6/18 28/12/18
f 26/2/19 29/13/19 27/1/19
f 24/5/20 30/14/20 23/15/20
f 26/2/19 32/11/19 28/12/19
f 21/16/21 30/14/21 33/9/21
f 24/5/20 29/17/20 31/10/20
f 21/16/21 32/18/21 25/19/21
f 37/19/21 36/15/21 40/16/21
f 36/15/20 34/4/20 39/5/20
f 34/1/19 37/3/19 38/2/19
f 25/19/22 40/16/22 21/16/22
f 23/15/23 40/16/23 36/15/23
f 23/15/24 39/5/24 24/5/24
f 47/1/25 58/2/25 46/2/25
f 45/3/26 58/2/26 57/3/26
f 47/4/27 59/5/27 54/4/27
f 42/6/28 49/7/28 48/8/28
f 42/6/29 50/14/29 51/10/29
f 52/11/30 42/6/30 48/12/30
f 46/2/31 49/13/31 47/1/31
f 44/5/32 50/14/32 43/15/32
f 46/2/31 52/11/31 48/12/31
f 41/16/33 50/14/33 53/9/33
f 44/5/32 49/17/32 51/10/32
f 41/16/33 52/18/33 45/19/33
f 60/16/33 55/21/33 56/15/33
f 59/5/32 55/22/32 54/4/32
f 55/20/31 58/2/31 54/1/31
f 45/19/34 60/16/34 41/16/34
f 43/15/35 60/16/35 56/15/35
f 43/15/36 59/5/36 44/5/36
f 67/1/37 78/2/37 66/2/37
f 65/3/38 78/2/38 77/3/38
f 67/4/39 79/5/39 74/4/39
f 68/8/40 71/10/40 69/7/40
f 73/9/41 71/10/41 62/6/41
f 68/12/42 73/9/42 62/6/42
f 66/2/43 69/13/43 67/1/43
f 64/5/44 70/14/44 63/15/44
f 66/2/43 72/11/43 68/12/43
f 61/16/45 70/14/45 73/9/45
f 64/5/44 69/17/44 71/10/44
f 61/16/45 72/18/45 65/19/45
f 80/16/45 75/21/45 76/15/45
f 76/15/44 74/4/44 79/5/44
f 75/20/43 78/2/43 74/1/43
f 65/19/46 80/16/46 61/16/46
f 63/15/47 80/16/47 76/15/47
f 63/15/48 79/5/48 64/5/48
f 87/1/49 98/2/49 86/2/49
f 85/3/50 98/2/50 97/3/50
f 87/4/51 99/5/51 94/4/51
f 82/6/52 89/7/52 88/8/52
f 93/9/53 91/10/53 82/6/53
f 88/12/54 93/9/54 82/6/54
f 86/2/55 89/13/55 87/1/55
f 84/5/56 90/14/56 83/15/56
f 86/2/55 92/11/55 88/12/55
f 81/16/57 90/14/57 93/9/57
f 84/5/56 89/17/56 91/10/56
f 81/16/57 92/18/57 85/19/57
f 100/16/57 95/21/57 96/15/57
f 96/15/56 94/4/56 99/5/56
f 95/20/55 98/2/55 94/1/55
f 85/19/58 100/16/58 81/16/58
f 83/15/59 100/16/59 96/15/59
f 83/15/60 99/5/60 84/5/60
f 107/1/61 118/2/61 106/2/61
f 105/3/62 118/2/62 117/3/62
f 107/4/63 119/5/63 114/4/63
f 108/8/64 111/10/64 109/7/64
f 102/6/65 110/14/65 111/10/65
f 108/12/66 113/9/66 102/6/66
f 106/2/67 109/13/67 107/1/67
f 104/5/68 110/14/68 103/15/68
f 106/2/67 112/11/67 108/12/67
f 101/16/69 110/14/69 113/9/69
f 104/5/70 109/17/70 111/10/70
f 101/16/69 112/18/69 105/19/69
f 120/16/69 115/21/69 116/15/69
f 116/15/68 114/4/68 119/5/68
f 115/20/67 118/2/67 114/1/67
f 105/19/71 120/16/71 101/16/71
f 103/15/72 120/16/72 116/15/72
f 103/15/73 119/5/73 104/5/73
f 127/1/74 138/2/74 126/2/74
f 125/3/75 138/2/75 137/3/75
f 127/4/76 139/5/76 134/4/76
f 122/6/77 129/7/77 128/8/77
f 122/6/78 130/14/78 131/10/78
f 132/11/79 122/6/79 128/12/79
f 126/2/80 129/13/80 127/1/80
f 124/5/81 130/14/81 123/15/81
f 126/2/80 132/11/80 128/12/80
f 121/16/82 130/14/82 133/9/82
f 124/5/81 129/17/81 131/10/81
f 121/16/82 132/18/82 125/19/82
f 137/19/82 136/15/82 140/16/82
f 136/15/81 134/4/81 139/5/81
f 135/20/80 138/2/80 134/1/80
f 125/19/83 140/16/83 121/16/83
f 123/15/84 140/16/84 136/15/84
f 123/15/85 139/5/85 124/5/85
f 7/1/1 14/1/1 18/2/1
f 5/3/2 6/2/2 18/2/2
f 7/4/3 4/5/3 19/5/3
f 2/6/4 11/10/4 9/7/4
f 13/9/5 10/14/5 11/10/5
f 12/11/6 13/9/6 2/6/6
f 6/2/7 8/12/7 9/13/7
f 4/5/8 11/10/8 10/14/8
f 6/2/7 5/3/7 12/11/7
f 1/16/9 3/15/9 10/14/9
f 4/5/8 7/4/8 9/17/8
f 1/16/9 13/9/9 12/18/9
f 17/19/9 15/21/9 16/15/9
f 16/15/8 15/22/8 14/4/8
f 15/20/7 17/3/7 18/2/7
f 5/19/10 17/19/10 20/16/10
f 3/15/11 1/16/11 20/16/11
f 3/15/12 16/15/12 19/5/12
f 27/1/13 34/1/13 38/2/13
f 25/3/14 26/2/14 38/2/14
f 27/4/15 24/5/15 39/5/15
f 28/8/16 22/6/16 31/10/16
f 22/6/17 33/9/17 30/14/17
f 32/11/18 33/9/18 22/6/18
f 26/2/19 28/12/19 29/13/19
f 24/5/20 31/10/20 30/14/20
f 26/2/19 25/3/19 32/11/19
f 21/16/21 23/15/21 30/14/21
f 24/5/20 27/4/20 29/17/20
f 21/16/21 33/9/21 32/18/21
f 37/19/21 35/21/21 36/15/21
f 36/15/20 35/22/20 34/4/20
f 34/1/19 35/20/19 37/3/19
f 25/19/22 37/19/22 40/16/22
f 23/15/23 21/16/23 40/16/23
f 23/15/24 36/15/24 39/5/24
f 47/1/25 54/1/25 58/2/25
f 45/3/26 46/2/26 58/2/26
f 47/4/27 44/5/27 59/5/27
f 42/6/28 51/10/28 49/7/28
f 42/6/29 53/9/29 50/14/29
f 52/11/30 53/9/30 42/6/30
f 46/2/31 48/12/31 49/13/31
f 44/5/32 51/10/32 50/14/32
f 46/2/31 45/3/31 52/11/31
f 41/16/33 43/15/33 50/14/33
f 44/5/32 47/4/32 49/17/32
f 41/16/33 53/9/33 52/18/33
f 60/16/33 57/19/33 55/21/33
f 59/5/32 56/15/32 55/22/32
f 55/20/31 57/3/31 58/2/31
f 45/19/34 57/19/34 60/16/34
f 43/15/35 41/16/35 60/16/35
f 43/15/36 56/15/36 59/5/36
f 67/1/37 74/1/37 78/2/37
f 65/3/38 66/2/38 78/2/38
f 67/4/39 64/5/39 79/5/39
f 68/8/40 62/6/40 71/10/40
f 73/9/41 70/14/41 71/10/41
f 68/12/42 72/11/42 73/9/42
f 66/2/43 68/12/43 69/13/43
f 64/5/44 71/10/44 70/14/44
f 66/2/43 65/3/43 72/11/43
f 61/16/45 63/15/45 70/14/45
f 64/5/44 67/4/44 69/17/44
f 61/16/45 73/9/45 72/18/45
f 80/16/45 77/19/45 75/21/45
f 76/15/44 75/22/44 74/4/44
f 75/20/43 77/3/43 78/2/43
f 65/19/46 77/19/46 80/16/46
f 63/15/47 61/16/47 80/16/47
f 63/15/48 76/15/48 79/5/48
f 87/1/49 94/1/49 98/2/49
f 85/3/50 86/2/50 98/2/50
f 87/4/51 84/5/51 99/5/51
f 82/6/52 91/10/52 89/7/52
f 93/9/53 90/14/53 91/10/53
f 88/12/54 92/11/54 93/9/54
f 86/2/55 88/12/55 89/13/55
f 84/5/56 91/10/56 90/14/56
f 86/2/55 85/3/55 92/11/55
f 81/16/57 83/15/57 90/14/57
f 84/5/56 87/4/56 89/17/56
f 81/16/57 93/9/57 92/18/57
f 100/16/57 97/19/57 95/21/57
f 96/15/56 95/22/56 94/4/56
f 95/20/55 97/3/55 98/2/55
f 85/19/58 97/19/58 100/16/58
f 83/15/59 81/16/59 100/16/59
f 83/15/60 96/15/60 99/5/60
f 107/1/61 114/1/61 118/2/61
f 105/3/62 106/2/62 118/2/62
f 107/4/63 104/5/63 119/5/63
f 108/8/64 102/6/64 111/10/64
f 102/6/65 113/9/65 110/14/65
f 108/12/66 112/11/66 113/9/66
f 106/2/67 108/12/67 109/13/67
f 104/5/68 111/10/68 110/14/68
f 106/2/67 105/3/67 112/11/67
f 101/16/69 103/15/69 110/14/69
f 104/5/68 107/4/68 109/17/68
f 101/16/69 113/9/69 112/18/69
f 120/16/69 117/19/69 115/21/69
f 116/15/68 115/22/68 114/4/68
f 115/20/67 117/3/67 118/2/67
f 105/19/71 117/19/71 120/16/71
f 103/15/72 101/16/72 120/16/72
f 103/15/73 116/15/73 119/5/73
f 127/1/74 134/1/74 138/2/74
f 125/3/75 126/2/75 138/2/75
f 127/4/76 124/5/76 139/5/76
f 122/6/77 131/10/77 129/7/77
f 122/6/78 133/9/78 130/14/78
f 132/11/79 133/9/79 122/6/79
f 126/2/80 128/12/80 129/13/80
f 124/5/81 131/10/81 130/14/81
f 126/2/80 125/3/80 132/11/80
f 121/16/82 123/15/82 130/14/82
f 124/5/81 127/4/81 129/17/81
f 121/16/82 133/9/82 132/18/82
f 137/19/82 135/21/82 136/15/82
f 136/15/81 135/22/81 134/4/81
f 135/20/80 137/3/80 138/2/80
f 125/19/83 137/19/83 140/16/83
f 123/15/84 121/16/84 140/16/84
f 123/15/85 136/15/85 139/5/85
